[gd_scene load_steps=5 format=3 uid="uid://c4x3mdbdxb2d8"]

[ext_resource type="ArrayMesh" uid="uid://bt0llwl6s21bs" path="res://Assets/BlenderObjs/minobasic.tres" id="1_cd113"]
[ext_resource type="Material" uid="uid://cpi7bs8j0lb35" path="res://Assets/ColAssets/seat.tres" id="1_fmd3t"]
[ext_resource type="ArrayMesh" uid="uid://bl7d7jtq56vjr" path="res://Assets/BlenderObjs/axe.tres" id="2_ohhrg"]

[sub_resource type="Skin" id="Skin_jngoo"]
resource_name = "Skin"
bind_count = 10
bind/0/name = &"Bone"
bind/0/bone = -1
bind/0/pose = Transform3D(1.63156, 0.0197171, 0.000995133, -0.0197171, 1.62327, 0.164254, 0.000994836, -0.164254, 1.62339, -0.0236744, -1.4847, 0.302695)
bind/1/name = &"RightShoulder"
bind/1/bone = -1
bind/1/pose = Transform3D(-0.977392, 1.13348, 0.649839, -1.26631, -1.02166, -0.122574, 0.321743, -0.577752, 1.49166, -1.74979, 1.58138, 0.94392)
bind/2/name = &"RightArm"
bind/2/bone = -1
bind/2/pose = Transform3D(-0.796791, 1.2828, 0.61799, -1.06505, -1.00695, 0.716992, 0.945068, -0.0532567, 1.32905, -1.8601, 0.841751, 0.548383)
bind/3/name = &"LeftShoulder"
bind/3/bone = -1
bind/3/pose = Transform3D(-1.05274, -1.24425, -0.0771008, 1.24569, -1.04598, -0.128586, 0.0486294, -0.141824, 1.62477, 1.93011, 1.62983, 0.268025)
bind/4/name = &"LeftArm"
bind/4/bone = -1
bind/4/pose = Transform3D(-0.759217, -1.35558, -0.498346, 1.16068, -0.907719, 0.700883, -0.859523, -0.0283737, 1.38664, 1.91822, 0.689224, 0.476837)
bind/5/name = &"Head"
bind/5/bone = -1
bind/5/pose = Transform3D(1.63111, 0.0405918, 0.0136792, -0.0336801, 0.893403, 1.36494, 0.0264663, -1.36475, 0.893933, -0.0558034, -1.35132, 2.15042)
bind/6/name = &"RightThigh"
bind/6/bone = -1
bind/6/pose = Transform3D(-0.965442, 1.29465e-07, -1.3154, -0.773341, -1.3199, 0.567595, -1.06406, 0.959281, 0.78097, -0.119001, 1.2751, -0.810241)
bind/7/name = &"RightShin"
bind/7/bone = -1
bind/7/pose = Transform3D(-0.695779, 0.498787, -1.38905, -0.222481, -1.55357, -0.446421, -1.45903, -0.000963621, 0.730483, -0.310796, 0.794838, -0.396786)
bind/8/name = &"LeftThigh"
bind/8/bone = -1
bind/8/pose = Transform3D(-0.936673, 0.0443421, 1.3353, 0.694014, -1.37734, 0.532567, 1.14164, 0.87368, 0.771813, 0.0863414, 1.31994, -0.739488)
bind/9/name = &"LeftShin"
bind/9/bone = -1
bind/9/pose = Transform3D(-0.771942, -0.347176, 1.39497, 0.407911, -1.57119, -0.165307, 1.37843, 0.270529, 0.83012, 0.253055, 0.746485, -0.477059)

[node name="Node3D" type="Node3D"]

[node name="Armature_004" type="Node3D" parent="."]
transform = Transform3D(0.612867, 0, 0, 0, 0.612867, 0, 0, 0, 0.612867, 0.00339958, 0.924087, -0.0929623)

[node name="Skeleton3D" type="Skeleton3D" parent="Armature_004"]
transform = Transform3D(1, 0, 0, 0, 1, 0, 0, 0, 1, 0.00185719, -0.00514543, 0.00285541)
bones/0/name = "Bone"
bones/0/parent = -1
bones/0/rest = Transform3D(0.999927, -0.012084, 0.000609703, 0.012084, 0.994847, -0.100666, 0.000609884, 0.100666, 0.99492, -4.65661e-10, -1.19209e-07, 1.49012e-08)
bones/0/enabled = true
bones/0/position = Vector3(-1.60523e-09, 2.63797e-08, 1.60418e-08)
bones/0/rotation = Quaternion(0.0503979, -4.53967e-08, 0.00604979, 0.998711)
bones/0/scale = Vector3(1, 1, 1)
bones/1/name = "RightShoulder"
bones/1/parent = 0
bones/1/rest = Transform3D(-0.59033, -0.783637, 0.19345, 0.738423, -0.621099, -0.262615, 0.325947, -0.0121819, 0.94531, -3.72893e-10, 1.03746, 1.87579e-08)
bones/1/enabled = true
bones/1/position = Vector3(-3.72893e-10, 1.03746, 1.87579e-08)
bones/1/rotation = Quaternion(0.146167, -0.0773327, 0.888361, 0.428334)
bones/1/scale = Vector3(1, 1, 1)
bones/2/name = "RightArm"
bones/2/parent = 1
bones/2/rest = Transform3D(0.989497, 0.1373, -0.0452222, -0.141734, 0.859975, -0.490259, -0.0284227, 0.491519, 0.870403, 1.86265e-08, 0.862705, -2.98023e-08)
bones/2/enabled = true
bones/2/position = Vector3(1.86265e-08, 0.862705, -2.98023e-08)
bones/2/rotation = Quaternion(0.254519, -0.00435515, -0.0723374, 0.964349)
bones/2/scale = Vector3(1, 1, 1)
bones/3/name = "LeftShoulder"
bones/3/parent = 0
bones/3/rest = Transform3D(-0.654384, 0.755592, 0.0293582, -0.755592, -0.654905, 0.0134084, 0.0293581, -0.0134086, 0.999479, -3.72893e-10, 1.03746, 1.87579e-08)
bones/3/enabled = true
bones/3/position = Vector3(-3.72893e-10, 1.03746, 1.87579e-08)
bones/3/rotation = Quaternion(0.0161397, -5.45685e-08, 0.909501, -0.415388)
bones/3/scale = Vector3(1, 1, 1)
bones/4/name = "LeftArm"
bones/4/parent = 3
bones/4/rest = Transform3D(0.948167, -0.0550242, 0.312972, 0.201419, 0.86584, -0.457986, -0.245783, 0.497285, 0.832044, -1.06636e-07, 0.865091, 0)
bones/4/enabled = true
bones/4/position = Vector3(-1.06636e-07, 0.865091, 0)
bones/4/rotation = Quaternion(0.250141, 0.146312, 0.0671505, 0.954732)
bones/4/scale = Vector3(1, 1, 1)
bones/5/name = "Head"
bones/5/parent = 0
bones/5/rest = Transform3D(0.999888, -0.0135133, 0.00644609, 0.0135133, 0.629175, -0.777146, 0.00644611, 0.777146, 0.629287, -3.72893e-10, 1.03746, 1.87579e-08)
bones/5/enabled = true
bones/5/position = Vector3(-3.72893e-10, 1.03746, 1.87579e-08)
bones/5/rotation = Quaternion(0.43053, -5.13349e-09, 0.00748623, 0.902545)
bones/5/scale = Vector3(1, 1, 1)
bones/6/name = "RightThigh"
bones/6/parent = -1
bones/6/rest = Transform3D(-0.591688, -0.473956, -0.652129, 4.47035e-08, -0.808925, 0.587912, -0.806167, 0.34786, 0.478631, -4.65661e-10, -1.19209e-07, 1.49012e-08)
bones/6/enabled = true
bones/6/position = Vector3(0, 0, 0)
bones/6/rotation = Quaternion(-0.429711, 0.275741, 0.848417, 0.139659)
bones/6/scale = Vector3(1, 1, 1)
bones/7/name = "RightShin"
bones/7/parent = 6
bones/7/rest = Transform3D(0.938602, 0.301242, 0.168168, -0.341311, 0.739653, 0.580017, 0.0503395, -0.601802, 0.797057, 7.96226e-09, 0.811259, 1.04308e-07)
bones/7/enabled = true
bones/7/position = Vector3(7.96226e-09, 0.811259, 1.04308e-07)
bones/7/rotation = Quaternion(-0.316974, 0.0316026, -0.172338, 0.93211)
bones/7/scale = Vector3(1, 1, 1)
bones/8/name = "LeftThigh"
bones/8/parent = -1
bones/8/rest = Transform3D(-0.574057, 0.425339, 0.699676, 0.0271757, -0.84413, 0.53545, 0.818365, 0.326393, 0.473019, -4.65661e-10, -1.19209e-07, 1.49012e-08)
bones/8/enabled = true
bones/8/position = Vector3(0, 0, 0)
bones/8/rotation = Quaternion(0.446389, 0.25343, 0.850177, -0.117082)
bones/8/scale = Vector3(1, 1, 1)
bones/9/name = "LeftShin"
bones/9/parent = 8
bones/9/rest = Transform3D(0.965447, -0.252589, -0.0641091, 0.257424, 0.886105, 0.385423, -0.0405461, -0.388608, 0.92051, 5.02914e-08, 0.777199, 3.72529e-08)
bones/9/enabled = true
bones/9/position = Vector3(5.02914e-08, 0.777199, 3.72529e-08)
bones/9/rotation = Quaternion(-0.199269, -0.00606611, 0.131299, 0.97109)
bones/9/scale = Vector3(1, 1, 1)

[node name="Body_Lores_GEO" type="MeshInstance3D" parent="Armature_004/Skeleton3D"]
transform = Transform3D(1, 0, 0, 0, 1, 0, 0, 0, 1, 0.00237498, -0.00475323, 0.00289081)
mesh = ExtResource("1_cd113")
skin = SubResource("Skin_jngoo")

[node name="Battle_ax_Circle_030" type="MeshInstance3D" parent="Armature_004/Skeleton3D/Body_Lores_GEO"]
transform = Transform3D(0.36277, -0.893962, 0.263117, -0.301083, -0.379647, -0.874767, 0.8819, 0.238119, -0.406881, -1.28202, 0.379675, 0.607814)
mesh = ExtResource("2_ohhrg")
skeleton = NodePath("")
surface_material_override/0 = ExtResource("1_fmd3t")
